Copy: C=0.707*L+0.707*R SL=0.866*L+-0.5*R SR=-0.5*L+0.866*R
Copy: LFE=C
Channel: L R C SL SR
GraphicEQ: 120 -48; 121 0
Channel: LFE
GraphicEQ: 120 0; 121 -48
Copy: L-R=L R-L=R C-R=C SL-R=SL SR-L=SR
Channel: L
Convolution: 45 deg left ear ground level.wav
GraphicEQ: 120 0; 218.4 -2.6; 440.3 -7; 714.8 -7.8; 1090.8 -5.8; 1234.4 -4.6; 1826.3 -10.6; 2221.5 -10.2; 2566.4 -8.2; 3154.1 -8.2; 3496.6 -10.6; 3836.5 -13.4; 4571.4 -8.6; 5173.4 9; 5735.1 -3; 7121.4 -11.8; 10756 -11.4; 12949 -9.8; 14062 -11.8; 14504 1.4; 18479.8 8.8; 21682 10.2; 24285 1.8
Channel: L-R
Convolution: 45 deg right ear ground level.wav
GraphicEQ: 120 4; 508.7 -2.2; 729.7 -1.8; 983.9 2.2; 1196.8 9.8; 1548.6 0.2; 1789.1 -2.6; 2066.8 -2.6; 2904.4 0.2; 3154.1 8.2; 4039.4 -2.2; 5335.8 1.4; 6833.7 26.6; 8934.3 21.4; 11681 15.4; 12426 20.2; 13918 7; 16245 15.4; 19357 28.6; 21682 6.6
Channel: R
Convolution: 315 deg right ear ground level.wav
GraphicEQ: 120 0; 714.8 -9.4; 1470.8 -6.6; 2024.7 -12.2; 2488.3 -11.8; 3219.8 -5; 3957 -17; 4863.1 -16.2; 5794.6 -9.4; 6490.4 -0.6; 7048.3 9; 9602.8 -1.8; 14504 -13.4; 16245 7.4; 18010 14.6; 21239 5; 24537 -6.6
Channel: R-L
Convolution: 315 deg left ear ground level.wav
GraphicEQ: 120 4; 678.9 -3.8; 994.1 1.8; 1247.2 10.6; 1326.8 10.2; 1396.9 6.2; 1864.4 -0.2; 2514 0.2; 2995.6 2.2; 3532.8 8.6; 3876.3 3.4; 4524.5 5.8; 4913.4 15.4; 7894.7 8.2; 11036.7 8; 11561 17.8; 13563.8 11.6; 16079 29; 19159 23.4; 20806 13.8; 21459 3.4
Channel: C
Convolution: 0 deg left ear ground level.wav
GraphicEQ: 120 1; 535.6 -7; 817.3 -6.6; 1090.8 -3.4; 1313.2 -4.6; 1613.8 -9.4; 1983.4 -9.8; 2647 -7.8; 3425.2 -7; 3957 -12.2; 4524.5 -10.6; 5173.4 -2.6; 6292.7 -7; 10007 -7.4; 12555 -1.8; 12685 -7.4; 14208 -7; 14959 3; 17282 12.6; 20913.3 13.6; 23184.3 6
Channel: C-R
Convolution: 0 deg right ear ground level.wav
GraphicEQ: 120 0; 503.4 -5.8; 671.9 -5.4; 994.1 -4.6; 1903.2 -10.6; 2593 -10.6; 3089.7 -6.2; 4081.3 -13.4; 5067.8 -19; 6038.5 -3.4; 7421.2 12.2; 8485.4 12.6; 9120.4 4.6; 9904.5 9; 10980 1; 12555 4.6; 14208 -7; 16584 0.2; 18385 15.8; 21239 11
Channel: SL
Convolution: 135 deg left ear ground level.wav
GraphicEQ: 120 7; 552.4 -0.6; 1036 -0.6; 2066.8 -0.2; 2553.23 -1.2; 3320.9 1; 3719.7 1.4; 4081.3 5.4; 5120.3 -1.4; 9802.9 4.2; 9904.5 15; 11681 13.4; 13775 4.6; 16079 17.8; 18575 29.8; 22133 19
Channel: SL-R
Convolution: 135 deg right ear ground level.wav
GraphicEQ: 120 12; 343.8 6.6; 599.9 5.8; 752.6 5.8; 1014.8 9.8; 1260.1 14.2; 2387.7 8.2; 2934.5 9.8; 3797.2 15.4; 4863.1 8.6; 6164.3 13.8; 6490.4 27; 8752 26.6; 9702.3 31.4; 12047 27.8; 13918 27; 15669.8 30.8; 16414 37.8; 18575 35.8; 19357 27
Channel: SR
Convolution: 225 deg right ear ground level.wav
GraphicEQ: 120 7; 297.6 2.6; 530.1 -1.4; 1036 0.2; 1664.5 1.4; 2131.8 -1; 2674.5 -0.6; 3532.8 4.2; 4166.3 2.2; 4524.5 -2.2; 4964.4 -3.4; 6038.5 5.8; 7269.7 -4.2; 8059.1 6.6; 9802.9 2.2; 16414 22.6; 24791 14.6
Channel: SR-L
Convolution: 225 deg left ear ground level.wav
GraphicEQ: 120 14; 468.4 6.2; 707.4 5.8; 1025.3 10.2; 1190.65 14; 1983.4 7; 2964.9 9.8; 3320.9 15.8; 4039.4 5; 6101.1 15; 9026.9 18.6; 13634 31.4; 17825 33.8; 20172 27; 23065 8.6
Channel: LFE
Convolution: ..\8k aligned\Impulse_SUB.wav
GraphicEQ: 22.8 4.2; 27.8 7.8; 35.0434 1.2; 51.1 1.4; 60.8 -11.8; 73.2 -3.8; 84.6 -3.4; 104 5.8; 115 -4; 120 0
Channel: L-R R-L SL-R SR-L
Preamp: -10 dB
Delay: 10 samples
Copy: L=L+0.707*C+SL+0.707*LFE+R-L+SR-L R=R+SR+0.707*LFE+L-R+0.707*C-R+SL-R
Channel: L R